,image,DICE,challenge_FP,challenge_FN
0,PETCT_b1219c408b_10042002.nii.gz,0.7438776103775231,0.0,0.40900000000000003
1,PETCT_ca89066e44_08112005.nii.gz,0.7822984959506363,0.0,0.002
2,PETCT_a3ce52b2a8_11152003.nii.gz,0.0,0.203,0.0
3,PETCT_99e5728030_04182002.nii.gz,0.717888185427621,3.024,0.297
4,PETCT_68ef307665_05162003.nii.gz,,0.0,0.0
5,PETCT_f144b214af_02232001.nii.gz,0.8038152819764411,0.149,0.002
6,PETCT_e69152b6b4_01262004.nii.gz,0.6516456312649649,0.214,1.36
7,PETCT_4a72eeb991_12232005.nii.gz,,0.0,0.0
8,PETCT_89fb723947_09032000.nii.gz,0.8690635213869546,0.051000000000000004,0.015
9,PETCT_562294be56_04282003.nii.gz,0.0,9.089,0.0
10,PETCT_824c6a0014_12182005.nii.gz,0.0,0.28700000000000003,0.0
11,PETCT_661ddc60e0_03082002.nii.gz,0.8392857142857143,0.0,0.0
12,PETCT_4760c0139a_01262006.nii.gz,,0.0,0.0
13,PETCT_2922971d0f_07192003.nii.gz,0.0,0.6980000000000001,0.0
14,PETCT_d7ca3d4aaa_07052003.nii.gz,0.13988657844990549,0.41500000000000004,0.0
15,PETCT_c7dc6f848c_02022006.nii.gz,0.0,1.919,0.0
16,PETCT_2f587d00b1_09272004.nii.gz,0.0,0.116,0.0
17,PETCT_277fc3c67c_11152003.nii.gz,0.0,1.735,0.0
18,PETCT_c58b637e17_06112005.nii.gz,,0.0,0.0
19,PETCT_ed7abf4433_12062002.nii.gz,,0.0,0.0
20,PETCT_8de70b5cd7_07222002.nii.gz,0.0,0.034,0.0
21,PETCT_572fca6b44_05232005.nii.gz,0.0,0.014,0.0
22,PETCT_ed9fa4eff1_05112001.nii.gz,0.7446612786648269,0.5760000000000001,1.99
23,PETCT_a3ce52b2a8_10192002.nii.gz,,0.0,0.0
24,PETCT_08cdb15e0b_11212003.nii.gz,0.7297540878073903,0.0,0.895
25,PETCT_cb83710e3d_03102006.nii.gz,,0.0,0.0
26,PETCT_76ebd5c736_12292005.nii.gz,0.48554913294797686,0.0,0.064
27,PETCT_ea051a3e6c_10222004.nii.gz,0.7692981176127244,0.5700000000000001,8.252
28,PETCT_cc5c58c82d_07262001.nii.gz,0.9346601941747573,0.0,0.012
29,PETCT_62a78a061f_08292005.nii.gz,,0.0,0.0
30,PETCT_61348439bf_07242005.nii.gz,0.5245305875227135,1.6540000000000001,0.877
31,PETCT_2745fb1adb_12212002.nii.gz,,0.0,0.0
32,PETCT_0dbf2c2731_10272005.nii.gz,,0.0,0.0
33,PETCT_5a58935b68_12062002.nii.gz,0.7850501590408613,1.456,0.5680000000000001
34,PETCT_642d6c78d6_09102005.nii.gz,,0.0,0.0
35,PETCT_29b372cb99_11172006.nii.gz,0.0,0.053,0.0
36,PETCT_02ba7e20f5_10122001.nii.gz,0.566420664206642,0.07100000000000001,0.188
37,PETCT_4e3d83bfe3_09292003.nii.gz,,0.0,0.0
38,PETCT_bdd21f5590_09142003.nii.gz,0.7957405614714425,0.011,0.0
39,PETCT_9837205b34_09012002.nii.gz,0.8587918934872434,0.048,0.0
40,PETCT_0f44cec2e6_09072003.nii.gz,0.13159387407827566,2.827,0.10200000000000001
41,PETCT_642d6c78d6_05022005.nii.gz,0.9241284669991819,1.45,0.311
42,PETCT_7cfaf65584_10282006.nii.gz,0.0,0.28800000000000003,0.0
43,PETCT_05d5a79faf_02252005.nii.gz,0.0,4.965,0.0
44,PETCT_3ba0277c0c_04262007.nii.gz,0.9152542372881356,0.0,0.0
45,PETCT_e6b8b963b2_12222006.nii.gz,,0.0,0.0
46,PETCT_58f276897e_06192005.nii.gz,,0.0,0.0
47,PETCT_ded50b1e68_02092006.nii.gz,,0.0,0.0
48,PETCT_048981112f_07312005.nii.gz,0.0,0.584,0.0
49,PETCT_562294be56_11152003.nii.gz,0.0,4.087,0.0
50,PETCT_ce629e2993_01132005.nii.gz,,0.0,0.0
51,PETCT_562294be56_10212002.nii.gz,0.0,0.11,0.0
52,PETCT_770ee48d09_07152005.nii.gz,0.7992429022082019,0.125,0.0
53,PETCT_54bed1d98f_05242003.nii.gz,0.0,0.043000000000000003,0.0
54,PETCT_2f9aec0275_10172003.nii.gz,,0.0,0.0
55,PETCT_20a607649d_01272007.nii.gz,0.4344730149759819,0.012,0.037
56,PETCT_442a09f90e_03162002.nii.gz,0.6958990536277603,0.0,1.249
57,PETCT_099b3fd402_01032003.nii.gz,0.0,0.0,0.929
58,PETCT_2b60c8135a_12092005.nii.gz,0.8730665307162886,0.145,1.414
59,PETCT_3a4be713a1_11142002.nii.gz,0.6003861003861004,0.0,0.0
60,PETCT_ae8c77a995_05182007.nii.gz,0.4798890429958391,0.0,0.259
61,PETCT_f082a3d319_11082004.nii.gz,,0.0,0.0
62,PETCT_1e43e3d692_09192002.nii.gz,0.0,0.029,0.0
63,PETCT_b2244b5591_05152003.nii.gz,0.7001153402537486,0.0,0.325
64,PETCT_e2a729e21f_12232002.nii.gz,0.0,0.9490000000000001,0.0
65,PETCT_baacf43b4f_02242003.nii.gz,0.42750661216638614,0.0,1.125
66,PETCT_38106fde84_02132003.nii.gz,,0.0,0.0
67,PETCT_816732638d_08182000.nii.gz,0.8282150537634408,0.0,0.092
68,PETCT_9b53627d23_02112006.nii.gz,,0.0,0.0
69,PETCT_a9d7a14ba1_08142000.nii.gz,0.5571070311774359,0.0,0.004
70,PETCT_2f9aec0275_05312003.nii.gz,0.9143198296922992,0.327,0.342
71,PETCT_e44480b9b8_05262002.nii.gz,0.7433290978398983,0.28500000000000003,0.001
72,PETCT_53a0610615_07142001.nii.gz,0.8681209568226268,0.012,0.9390000000000001
73,PETCT_f37014ec85_01142007.nii.gz,0.8988792664289353,0.0,0.0
74,PETCT_aaf2c3aa12_12052002.nii.gz,,0.0,0.0
75,PETCT_4d7b745a7b_01232003.nii.gz,0.8330862554079811,0.0,0.714
76,PETCT_41472f5ce9_03162003.nii.gz,0.8686434525019603,0.0,0.0
77,PETCT_1f6b6b0548_10162003.nii.gz,0.4806201550387597,0.0,0.0
78,PETCT_a7b323b3fd_04012005.nii.gz,0.7139588100686499,0.0,0.0
79,PETCT_5e0bc6cdda_10272001.nii.gz,0.4635549872122762,0.02,0.534
80,PETCT_7255ccbcf4_06152003.nii.gz,,0.0,0.0
81,PETCT_2d9638360e_09092005.nii.gz,,0.0,0.0
82,PETCT_14f931f634_06092005.nii.gz,0.17793594306049823,0.0,1.165
83,PETCT_a82f03863a_03192007.nii.gz,0.8783350107290024,0.311,0.535
84,PETCT_9d6699f215_06162003.nii.gz,0.9068493150684932,0.0,0.023
85,PETCT_e2309b8f92_06032007.nii.gz,0.0,0.397,0.0
86,PETCT_4011ffe8ae_02072005.nii.gz,0.0,0.0,0.604
87,PETCT_13d0984c93_09082003.nii.gz,0.898866844568202,0.073,0.0
88,PETCT_5d6bf1e75f_12102000.nii.gz,0.8599208592425099,0.0,0.0
89,PETCT_30001118d0_04031999.nii.gz,0.9303759656295619,0.039,1.077
90,PETCT_68a7ade33c_07082001.nii.gz,0.8763010691779367,0.246,0.311
91,PETCT_a41d59682f_09292006.nii.gz,0.0,4.154,0.0
92,PETCT_dc3437c9b9_11212002.nii.gz,,0.0,0.0
93,PETCT_38733c001e_07282006.nii.gz,,0.0,0.0
94,PETCT_ddca6cfba6_02272004.nii.gz,0.8651880424300867,0.0,0.006
